  0  0
  4.47533  1
  39.615  2
  59.1767  3
  79.6644  4
  220.755  5
  238.243  6
  284.664  7
  293.273  8
  327.871  9
  335.064  10
  376.259  11
  382.38  12
  438.4  13
  442.515  14
  442.644  15
  467.08  16
  512.389  17
  512.496  18
  526.448  19
  539.688  20
  545.888  21
  569.403  22
  594.531  23
  620.65  24
  656.312  25
  687.134  26
  706.38  27
  752.397  28
  774.342  29
  786.052  30
  825.521  31
  880.231  32
  963.718  33
  966.951  34
  979.078  35
  1024.15  36
  1065.26  37
  1089.57  38
  1092.63  39
  1104.48  40
  1111.54  41
  1134.97  42
  1146.03  43
  1174.02  44
  1198.33  45
  1203.35  46
  1217.59  47
  1259.45  48
  1262.47  49
  1335.39  50
  1374.96  51
  1465.07  52
  1495.78  53
  1498.61  54
  1530.97  55
  1552.78  56
  1561.87  57
  1576.97  58
  1584.46  59
  1598.05  60
  1670.45  61
  1675.27  62
  1745.32  63
  1805.22  64
  1806.41  65
  1825.61  66
  1843.49  67
  1900.03  68
  1909.52  69
  2000.3  70
  2044.75  71
  2056.46  72
  2082.09  73
  2090.69  74
  2099.7  75
  2122.37  76
  2156.51  77
  2156.52  78
  2163.77  79
  2176.46  80
  2186.21  81
  2191.02  82
  2217.09  83
  2292.22  84
  2312.49  85
  2347.9  86
  2351.35  87
  2356.31  88
  2366.38  89
  2372.47  90
  2379.4  91
  2381.81  92
  2438.75  93
  2446.17  94
  2521.95  95
  2550.52  96
  2564.15  97
  2593.03  98
  2593.4  99
  2617.36  100
  2625.36  101
  2648.16  102
  2674.47  103
  2704.85  104
  2718.63  105
  2737.08  106
  2746.31  107
  2759.29  108
  2768.88  109
  2796.57  110
  2799.37  111
  2800.07  112
  2803.26  113
  2870.3  114
  2878.65  115
  2931.13  116
  2999.5  117
  3006.24  118
  3017.97  119
  3033  120
  3043.61  121
  3068.9  122
  3072.51  123
  3110.81  124
  3115.57  125
  3135.19  126
  3252.95  127
  3286.59  128
  3286.88  129
  3327.55  130
  3383.35  131
  3425.69  132
  3445.7  133
  3466.99  134
  3476.79  135
  3478.38  136
  3564.06  137
  3567.95  138
  3577.27  139
  3619.12  140
  3734.51  141
  3764.31  142
  3790.6  143
  3824.9  144
  3912.85  145
  3930.98  146
  3946.91  147
  3966.99  148
  3976.11  149
  3984.6  150
  4003.8  151
  4009.35  152
  4060.22  153
  4070.96  154
  4089.39  155
  4104.16  156
  4124.27  157
  4139.74  158
  4145.14  159
  4174.63  160
  4180.34  161
  4215.07  162
  4221.73  163
  4227.78  164
  4239.9  165
  4267.24  166
  4301.18  167
  4320.01  168
  4320.95  169
  4323.32  170
  4353.15  171
  4404.02  172
  4409.46  173
  4435.29  174
  4437.73  175
  4503.27  176
  4511.8  177
  4512.61  178
  4543.75  179
  4585.76  180
  4643.25  181
  4646.52  182
  4656.96  183
  4706.49  184
  4719.51  185
  4725.05  186
  4763.82  187
  4853.88  188
  4912.66  189
  4956.62  190
  4985.85  191
  4992.11  192
  5027.16  193
  5059.11  194
  5063.56  195
  5086.14  196
  5134.14  197
  5215.9  198
  5232.53  199
  5245.13  200
  5256.56  201
  5269.68  202
  5282.22  203
  5329.46  204
  5355.33  205
  5376.92  206
  5383.78  207
  5388.45  208
  5400.28  209
  5420.62  210
  5471.8  211
  5518.68  212
  5525.98  213
  5529.83  214
  5586.45  215
  5608.48  216
  5625.85  217
  5736.09  218
  5760.2  219
  5812.56  220
  5858.1  221
  5881.24  222
  5883.44  223
  5884.92  224
  5913.02  225
  5936.93  226
  5945.68  227
  5950.31  228
  5989.2  229
  6012.3  230
  6017.46  231
  6026.86  232
  6061.65  233
  6069.06  234
  6077.82  235
  6080.28  236
  6117.65  237
  6144.88  238
  6239.01  239
  6265.61  240
  6275.25  241
  6309.89  242
  6315.47  243
  6322.9  244
  6334.32  245
  6343.27  246
  6348.22  247
  6369.89  248
  6378.03  249
  6403.6  250
  6407.87  251
  6416.17  252
  6445.69  253
  6457.86  254
  6461  255
  6475  256
  6510.29  257
  6515.41  258
  6518.8  259
  6548.53  260
  6560.26  261
  6641.85  262
  6644.59  263
  6646.44  264
  6649.19  265
  6650.25  266
  6718.87  267
  6751.72  268
  6780.32  269
  6786.9  270
  6792.56  271
  6831.5  272
  6840.49  273
  6892.19  274
  6917.78  275
  6972.96  276
  6994.69  277
  7039.88  278
  7043.89  279
  7065.98  280
  7108  281
  7163.33  282
  7223.85  283
  7225.53  284
  7234.71  285
  7242.32  286
  7310.61  287
  7322.92  288
  7325.77  289
  7355.75  290
  7414.17  291
  7419.39  292
  7445.28  293
  7452.88  294
  7455.62  295
  7463.2  296
  7466.23  297
  7468.97  298
  7497.11  299
  7498.18  300
  7527.67  301
  7564.56  302
  7607.69  303
  7615.26  304
  7753.72  305
  7814.42  306
  7819.76  307
  7835.47  308
  7872.62  309
  7892.67  310
  7910.25  311
  7911.62  312
  7921.02  313
  7921.06  314
  7981.1  315
  8006.65  316
  8015.23  317
  8042.64  318
  8069.45  319
  8110.75  320
  8133.53  321
  8194.79  322
  8200.08  323
  8215.19  324
  8295.68  325
  8306.49  326
  8348.2  327
  8359.23  328
  8366.31  329
  8372.98  330
  8380.83  331
  8410.04  332
  8450.13  333
  8490.23  334
  8539.55  335
  8655.85  336
  8676.89  337
  8703.91  338
  8713.26  339
  8721.12  340
  8722.88  341
  8775.05  342
  8788.69  343
  8789.28  344
  8856.53  345
  8857.66  346
  8884.12  347
  8894.23  348
  8936.54  349
  8949.15  350
  8964.24  351
  8993.26  352
  9036.8  353
  9065.46  354
  9074.18  355
  9097.99  356
  9128.19  357
  9180.01  358
  9204.11  359
  9204.53  360
  9266.01  361
  9274.56  362
  9280.91  363
  9286.76  364
  9305.52  365
  9307.69  366
  9317  367
  9350.56  368
  9367.73  369
  9368.76  370
  9398.12  371
  9411.12  372
  9411.99  373
  9426.87  374
  9446.11  375
  9448.14  376
  9477.51  377
  9500.4  378
  9520.2  379
  9520.8  380
  9526.12  381
  9528.58  382
  9560.07  383
  9582.53  384
  9588.28  385
  9619.73  386
  9679.41  387
  9689.73  388
  9708.25  389
  9708.47  390
  9715.91  391
  9765.3  392
  9765.57  393
  9810.39  394
  9863.21  395
  9863.76  396
  9938.17  397
  9945  398
  9992.36  399
  10004.8  400
  10011  401
  10029.7  402
  10030.3  403
  10054.4  404
  10067.9  405
  10151.4  406
  10165.4  407
  10310.3  408
  10310.7  409
  10313  410
  10316.7  411
  10348.1  412
  10351.2  413
  10354.9  414
  10365  415
  10371.3  416
  10422.6  417
  10440  418
  10470.5  419
  10523.4  420
  10529.4  421
  10568.4  422
  10647.5  423
  10652.8  424
  10694.5  425
  10697.7  426
  10732.8  427
  10748.4  428
  10769.4  429
  10785.9  430
  10907.6  431
  10987.5  432
  11018.5  433
  11028  434
  11035.4  435
  11130.5  436
  11149.6  437
  11160.5  438
  11201.3  439
  11204.7  440
  11209.1  441
  11249.3  442
  11285.5  443
  11328.9  444
  11365.4  445
  11394.2  446
  11404.4  447
  11405.7  448
  11421.4  449
  11461.9  450
  11484.3  451
  11484.8  452
  11555.5  453
  11571.9  454
  11595.7  455
  11597.8  456
  11609.7  457
  11651.6  458
  11705  459
  11715.4  460
  11721.1  461
  11728.7  462
  11761.3  463
  11781.3  464
  11783.8  465
  11794.4  466
  11884.2  467
  11905.8  468
  11945.1  469
  11957.8  470
  11985.5  471
  11986.5  472
  12004.6  473
  12021.3  474
  12063.3  475
  12077  476
  12106.1  477
  12106.9  478
  12121.5  479
  12161.2  480
  12220.9  481
  12226.4  482
  12255.8  483
  12259.3  484
  12298.3  485
  12319.2  486
  12356.6  487
  12379.9  488
  12536.4  489
  12597.6  490
  12623.1  491
  12664.7  492
  12667.6  493
  12740.3  494
  12761.2  495
  12782.7  496
  12821.9  497
  12898.8  498
  12967  499
  13041.8  500
  13081.6  501
  13150.3  502
  13160.3  503
  13162.8  504
  13168.6  505
  13171.2  506
  13290.6  507
  13298.8  508
  13308.8  509
  13354.1  510
  13377.5  511
  13410.9  512
  13420.6  513
  13448.6  514
  13463.6  515
  13482.3  516
  13492.9  517
  13520.5  518
  13526.2  519
  13542.5  520
  13542.6  521
  13576.4  522
  13578.5  523
  13660.1  524
  13753.5  525
  13780.8  526
  13821.4  527
  13881.3  528
  13888.4  529
  13904.3  530
  13913.3  531
  13923.5  532
  13930.8  533
  13945.8  534
  13966.4  535
  13973.5  536
  13990  537
  13996.3  538
  14008.8  539
  14015.7  540
  14023.4  541
  14071.3  542
  14087.9  543
  14092.1  544
  14095.1  545
  14095.3  546
  14115.3  547
  14130  548
  14146.9  549
  14148.5  550
  14149.6  551
  14156.5  552
  14168.7  553
  14194.4  554
  14206.1  555
  14214.4  556
  14229.8  557
  14230.3  558
  14259.5  559
  14260.9  560
  14299.9  561
  14322.2  562
  14324.2  563
  14353.9  564
  14422.5  565
  14430.3  566
  14468.6  567
  14479.4  568
  14549.6  569
  14558.1  570
  14566.4  571
  14591.3  572
  14601.4  573
  14605.3  574
  14609.5  575
  14615.4  576
  14625.8  577
  14647.8  578
  14661.3  579
  14664  580
  14675.5  581
  14687.8  582
  14705.3  583
  14736.8  584
  14753.7  585
  14755.8  586
  14767.1  587
  14789.1  588
  14895.6  589
  14902.3  590
  14911.5  591
  14920.2  592
  14934.6  593
  14938.5  594
  14973.1  595
  14996.4  596
  15004.7  597
  15028.3  598
  15034  599
  15084.4  600
  15092.9  601
  15100  602
  15107.4  603
  15110.7  604
  15139.3  605
  15153.3  606
  15189.5  607
  15207.1  608
  15228.3  609
  15437.3  610
  15438.8  611
  15445.8  612
  15455  613
  15480.3  614
  15481.6  615
  15500.4  616
  15504.8  617
  15514.3  618
  15515.4  619
  15530.7  620
  15533.4  621
  15557.8  622
  15562  623
  15588.2  624
  15602.6  625
  15634  626
  15650.7  627
  15666  628
  15689  629
  15746.8  630
  15787.6  631
  15792.3  632
  15810.8  633
  15843.5  634
  15846.8  635
  15868.8  636
  15887.1  637
  15914.3  638
  15915  639
  15935.9  640
  15937.5  641
  15941.7  642
  15986.5  643
  16030.2  644
  16051.3  645
  16085.4  646
  16091.4  647
  16093.1  648
  16162.5  649
  16210.7  650
  16257.6  651
  16277.3  652
  16306.2  653
  16322.9  654
  16362.2  655
  16397.8  656
  16413  657
  16435.5  658
  16449.9  659
  16468.3  660
  16490  661
  16523.3  662
  16553.5  663
  16586.9  664
  16624.8  665
  16690.2  666
  16743.7  667
  16749.4  668
  16752.3  669
  16775.8  670
  16803.6  671
  16826.5  672
  16830.8  673
  16871.8  674
  16874.6  675
  16895.7  676
  16947.3  677
  16969.5  678
  16990.4  679
  17016.5  680
  17019.6  681
  17095.5  682
  17097.3  683
  17102.8  684
  17182.2  685
  17207  686
  17210.9  687
  17225  688
  17234  689
  17248.1  690
  17270.1  691
  17318.3  692
  17347.6  693
  17357.1  694
  17357.3  695
  17357.8  696
  17396.2  697
  17435.1  698
  17483  699
  17491  700
  17515.1  701
  17527.2  702
  17590.2  703
  17597.9  704
  17706.9  705
  17719.9  706
  17728  707
  17754  708
  17754  709
  17766.7  710
  17795.6  711
  17807.5  712
  17816.1  713
  17838.8  714
  17880.8  715
  17911.2  716
  17923.2  717
  17970.2  718
  17975.4  719
  18059.4  720
  18064.9  721
  18107.6  722
  18131.9  723
  18148.3  724
  18171.4  725
  18184.6  726
  18185.8  727
  18240.1  728
  18245.2  729
  18250.1  730
  18250.5  731
  18254.2  732
  18262.5  733
  18293.9  734
  18294  735
  18313.4  736
  18340.5  737
  18355.5  738
  18355.6  739
  18370.4  740
  18378.5  741
  18453.9  742
  18469.4  743
  18480.7  744
  18484.6  745
  18502.5  746
  18512.9  747
  18548  748
  18562.9  749
  18592.8  750
  18632.5  751
  18632.6  752
  18642  753
  18656  754
  18681.9  755
  18689.8  756
  18697.2  757
  18700  758
  18707.8  759
  18737.5  760
  18763.8  761
  18765.1  762
  18835.1  763
  18835.2  764
  18867.3  765
  18868.8  766
  18869.1  767
  18871.3  768
  18921.3  769
  18940.9  770
  18976.1  771
  18976.5  772
  19022.7  773
  19077.2  774
  19100.2  775
  19109.8  776
  19118.4  777
  19200.5  778
  19206.6  779
  19315.8  780
  19316.5  781
  19365.8  782
  19381.2  783
  19398.3  784
  19406.5  785
  19434.6  786
  19465.6  787
  19491.4  788
  19500.8  789
  19503.7  790
  19516.5  791
  19540.1  792
  19550.4  793
  19579.2  794
  19604.1  795
  19609.6  796
  19611.8  797
  19616.2  798
  19624.6  799
  19626.7  800
  19672.9  801
  19684.6  802
  19691.1  803
  19703.8  804
  19717.3  805
  19727.2  806
  19728.6  807
  19770.9  808
  19784.2  809
  19832.9  810
  19869.9  811
  19874.9  812
  19909.2  813
  19916.5  814
  19967.2  815
  19980.8  816
  19993.5  817
  20066.5  818
  20068.7  819
  20166.8  820
  20168.2  821
  20174.2  822
  20232.4  823
  20256.2  824
  20266.8  825
  20329.6  826
  20356.3  827
  20371.5  828
  20441.2  829
  20469.6  830
  20475.9  831
  20505  832
  20559.8  833
  20578.8  834
  20586.5  835
  20678  836
  20681.2  837
  20703.2  838
  20760.4  839
  20787.4  840
  20788.9  841
  20796.4  842
  20816.5  843
  20826.2  844
  20840.4  845
  20902.9  846
  20918.3  847
  20951.3  848
  21052.2  849
  21093.3  850
  21122.4  851
  21139.1  852
  21154  853
  21161.4  854
  21196.8  855
  21203.6  856
  21226.1  857
  21298.1  858
  21314  859
  21318.5  860
  21336.4  861
  21358.9  862
  21367.5  863
  21436  864
  21436.1  865
  21440.1  866
  21460.5  867
  21462.4  868
  21478  869
  21526.4  870
  21526.5  871
  21535.9  872
  21536.4  873
  21624.7  874
  21661.8  875
  21693.3  876
  21755.3  877
  21779.1  878
  21802.9  879
  21869.9  880
  21879.8  881
  21933.9  882
  21944.7  883
  21967.9  884
  21973.5  885
  21989  886
  22025.8  887
  22096.3  888
  22110.7  889
  22117.9  890
  22118.1  891
  22134.2  892
  22194.9  893
  22213.4  894
  22214.2  895
  22284.1  896
  22297.3  897
  22352.8  898
  22353  899
  22354.3  900
  22356.9  901
  22432.3  902
  22444.2  903
  22460.2  904
  22463.5  905
  22472.4  906
  22481.5  907
  22540.2  908
  22550.8  909
  22572.8  910
  22615  911
  22636.3  912
  22643.3  913
  22708.8  914
  22710.8  915
  22805.8  916
  22832.1  917
  22837.1  918
  22840.5  919
  22848.9  920
  22870.6  921
  23027.3  922
  23029.8  923
  23056.2  924
  23122.2  925
  23128.2  926
  23143.7  927
  23167  928
  23232.5  929
  23239.5  930
  23256.2  931
  23262.1  932
  23283.4  933
  23306.9  934
  23323.5  935
  23340.1  936
  23347.8  937
  23350.9  938
  23364.6  939
  23396.5  940
  23451  941
  23507.1  942
  23560.6  943
  23589.8  944
  23611.2  945
  23617.5  946
  23621  947
  23647.8  948
  23672.6  949
  23685.1  950
  23685.2  951
  23742.8  952
  23776.5  953
  23777.5  954
  23784.1  955
  23790.8  956
  23798.5  957
  23806.1  958
  23858.5  959
  23890.2  960
  23917.1  961
  23958.6  962
  23960.9  963
  24019.3  964
  24027.7  965
  24075.7  966
  24090.8  967
  24111.4  968
  24111.9  969
  24145.7  970
  24150.7  971
  24159.3  972
  24181.9  973
  24232.7  974
  24237.4  975
  24270.7  976
  24332.6  977
  24352.9  978
  24385.4  979
  24389  980
  24421.3  981
  24437.9  982
  24583.9  983
  24587.7  984
  24590.6  985
  24637.7  986
  24675.1  987
  24682.2  988
  24761.1  989
  24801.3  990
  24817.5  991
  24835.2  992
  24836.9  993
  24847.9  994
  24871.9  995
  24964  996
  24994.7  997
  25005.6  998
  25015.4  999
  25017.9  1000
